hairbrush,2531.3425,1386.6634,-1392.6000,-0.5904,0.9804,888.5093,0.5278,0.4386
hairbrush,3150.8116,929.6311,995.6565,0.3654,1.9362,2202.5208,0.4911,0.4719
hairbrush,8120.8616,1882.5677,1973.7176,0.2821,1.8529,6582.1181,0.4896,0.4719
hairbrush,2262.0094,3817.9253,2074.0768,-0.6060,0.9648,4708.7164,0.5128,0.4982
fork,3993.6299,2343.3584,-2925.8305,-0.6480,0.9228,576.4715,0.6068,0.2000
fork,4547.0591,1192.7134,-2200.5265,-0.4598,1.1110,2136.4027,0.5687,0.1908
fork,1757.7841,1015.7954,-1274.4171,-0.6438,0.9270,266.8615,0.6233,0.2000
fork,576.7068,2417.2478,-1089.1176,0.4346,2.0054,1734.9245,0.6730,0.2043
triangle,2550.7542,2622.8577,-1294.1278,0.7715,2.3423,3879.4279,0.4579,0.5527
triangle,1665.6325,3274.5623,-799.3412,0.3911,1.9619,2462.8514,0.4790,0.6178
triangle,3793.2974,6686.2542,-1838.2115,0.4520,2.0228,5789.8718,0.4577,0.6630
triangle,1666.0130,4354.6602,-544.0353,0.1923,1.7631,1968.2764,0.4777,0.6049
sm57,865.5066,1682.1493,1069.8700,-0.6031,0.9677,2127.7798,0.8627,0.2416
sm57,295.7611,2137.5214,550.5863,-0.2694,1.3014,708.8000,0.8549,0.2690
sm57,736.3846,4473.4941,1362.4844,-0.3150,1.2558,1897.8682,0.8245,0.2698
sm57,447.1384,3977.7593,-895.7009,0.2348,1.8056,1043.4731,0.8542,0.2554
sm58,2603.1312,422.6467,-775.9515,-0.3093,1.2615,1951.1909,0.6510,0.3281
sm58,562.4257,2571.1761,942.0609,-0.3767,1.1941,1478.7203,0.6682,0.3368
sm58,1167.6549,4328.0504,1859.8693,-0.4333,1.1375,3142.0673,0.6694,0.3242
sm58,373.9468,4678.0552,438.0813,-0.1004,1.4704,504.5815,0.6573,0.3455
controller,2091.1629,1459.1155,-608.1949,-0.5458,1.0250,1381.1642,0.7119,0.7459
controller,1081.8857,2033.5203,-157.4131,0.1597,1.7305,1155.4056,0.7189,0.8221
controller,1864.0421,3974.4266,-257.5598,0.1197,1.6905,1955.2116,0.7074,0.7930
controller,4076.3304,1660.7110,339.4154,0.1370,1.7078,3939.4656,0.7090,0.7186
mic,900.4036,2352.9275,-1142.4789,0.5023,2.0731,2201.2071,0.4980,0.4150
mic,486.4883,2344.3478,-673.7594,0.3138,1.8846,1059.0413,0.5170,0.4301
mic,646.1341,4864.5451,-842.4671,0.1900,1.7608,1109.0985,0.4966,0.4225
mic,7494.4857,623.6993,-994.5687,-0.1409,1.4299,7082.4027,0.4674,0.3312
no_object,0,0,0,0,0,0,1,1
no_object,0,0,0,0,0,0,1,1
no_object,0,0,0,0,0,0,1,1
no_object,0,0,0,0,0,0,1,1
fork,95.2938,2671.5242,-236.6221,0.0908,1.6616,159.2435,0.7177,0.2102
fork,3119.1078,73.8340,-327.5263,-0.1059,1.4649,3016.1818,0.5484,0.1598
fork,1930.7984,1196.4069,1461.0616,0.6623,2.2331,236.1072,0.6267,0.1856
fork,402.1849,1998.1341,-794.9948,0.3918,1.9626,1195.9455,0.6670,0.2364
fork,1719.0456,878.9746,-1167.9351,-0.6128,0.9580,342.1365,0.6100,0.2057
scrunchie,812.7558,620.9262,74.5272,0.3303,1.9011,746.8523,0.6623,0.8632
scrunchie,851.3493,601.3914,61.0051,0.2271,1.7978,811.9233,0.6459,0.8347
scrunchie,754.1857,673.5567,-0.9065,-0.0112,1.5596,754.1552,0.7055,0.8860
scrunchie,703.6856,664.7947,35.0498,0.5321,2.1029,663.0249,0.7097,0.9717
scrunchie,751.8520,778.5007,65.2757,-0.6847,0.8861,826.4684,0.6512,0.9008
triangle,3638.0907,1563.2897,860.9185,0.3463,1.9171,2849.2019,0.4417,0.5531
triangle,1396.5931,3596.1769,230.8155,-0.1034,1.4674,1467.4510,0.4890,0.6328
triangle,3100.1324,2082.9591,-1170.1320,-0.5804,0.9904,1721.1280,0.4472,0.5543
triangle,1437.7341,3864.2613,-18.0254,0.0074,1.5782,1438.1357,0.5045,0.5955
triangle,3344.6864,1866.0077,1108.1064,0.4912,2.0620,2093.9208,0.4429,0.5286
sm58,466.9958,2455.8282,-761.8316,0.3269,1.8977,1135.3347,0.6878,0.3492
sm58,2660.2788,428.4827,794.3864,0.3093,1.8801,1992.7607,0.6474,0.3247
sm58,1556.8481,1154.8031,-1125.5953,-0.6970,0.8738,283.1043,0.6359,0.3804
sm58,2269.8998,897.8932,1226.8563,0.5305,2.1013,847.8702,0.6468,0.3200
sm58,184.0650,2465.1020,131.2448,-0.0573,1.5135,206.5462,0.6954,0.3486
boommic,2771.8576,867.7374,-1297.8769,-0.4690,1.1018,1336.4151,0.5249,0.3462
boommic,347.4984,3138.1059,574.0238,-0.1951,1.3757,670.8209,0.5324,0.3645
boommic,590.4911,3035.5816,987.1587,-0.3396,1.2312,1482.0224,0.5326,0.3623
boommic,3550.2217,308.1847,-528.4331,-0.1576,1.4132,3306.6183,0.4814,0.3318
boommic,710.8562,2690.3797,1042.1802,-0.4056,1.1652,1774.7242,0.5014,0.3892
boommic,1515.6398,2266.9437,1590.2241,-0.6694,0.9014,3352.5593,0.5215,0.3565
hairclip,598.6707,897.7033,-262.1298,0.5262,2.0970,901.8019,0.5668,0.6159
hairclip,1226.1950,402.4394,71.4582,0.0859,1.6567,1207.9177,0.5813,0.5486
hairclip,796.1607,754.2584,346.5405,0.7552,2.3260,430.5649,0.5335,0.6000
hairclip,1003.6000,549.4355,-266.1106,-0.4322,1.1386,721.4954,0.5549,0.5764
hairclip,714.8219,848.4598,-319.6558,0.6824,2.2532,1080.8618,0.5598,0.6357
hairclip,909.8001,640.7476,-314.7808,-0.5835,0.9873,538.6847,0.5470,0.6056
plate,1168.5028,993.6563,27.9271,0.1546,1.7254,1155.8588,0.7835,0.9191
plate,1145.7510,997.6513,30.0338,0.1927,1.7635,1129.0333,0.7766,0.9333
plate,1209.4096,1041.6687,27.2690,0.1572,1.7280,1196.8682,0.7741,0.9281
plate,1074.5556,899.4284,-3.1302,-0.0179,1.5529,1074.3879,0.8112,0.8992
plate,1188.7543,1029.8990,35.7689,0.2116,1.7824,1167.0620,0.7689,0.9209
plate,1180.4461,1002.1210,30.5681,0.1651,1.7359,1165.7136,0.7796,0.9058
hairbrush,3463.7514,554.9698,105.3308,0.0361,1.6069,3452.3438,0.5463,0.4454
hairbrush,2086.5417,1791.9838,1359.5729,0.7314,2.3022,603.4591,0.5370,0.5023
hairbrush,2245.4201,1465.0057,1225.0424,0.6312,2.2020,806.3826,0.5373,0.5115
hairbrush,2534.5590,1115.3742,1147.9460,0.5086,2.0794,1221.6136,0.5537,0.4450
hairbrush,566.4961,2933.5863,-69.2527,0.0292,1.6000,572.5622,0.5035,0.5722
sm57,184.4251,2111.4932,-234.8441,0.1195,1.6903,267.4406,0.8306,0.2934
sm57,667.6240,1904.1688,-930.3852,0.4921,2.0629,1718.5905,0.8035,0.2905
sm57,1301.0961,1453.9725,1236.3665,-0.7545,0.8163,2606.8279,0.8332,0.2460
sm57,1515.1389,1159.7583,-1175.8744,-0.7104,0.8604,201.3242,0.8372,0.2554
sm57,694.3693,1916.6938,990.2843,-0.5089,1.0619,1827.2702,0.8270,0.2626
controller,2210.4342,1431.2628,-594.9549,-0.4955,1.0753,1536.5322,0.7223,0.7337
controller,1183.6402,2201.9648,357.8522,-0.3063,1.2645,1482.0037,0.6970,0.7784
controller,2282.9053,1055.4471,-326.8366,-0.2447,1.3261,2057.2520,0.7367,0.7095
controller,1394.8109,2157.3774,551.8957,-0.4831,1.0877,2013.4423,0.7021,0.7403
controller,1043.9369,2194.0634,55.3774,-0.0480,1.5228,1051.8931,0.7352,0.7857
controller,2169.5327,1577.2513,743.0965,0.5958,2.1666,1292.7265,0.6843,0.7053
